
SUMMARISING RUN PARAMETERS
==========================
Input filename: SRX347150_2.fastq.gz
Trimming mode: paired-end
Trim Galore version: 0.6.4_dev
Cutadapt version: 2.6
Python version: could not detect
Number of cores used for trimming: 8
Quality Phred score cutoff: 20
Quality encoding type selected: ASCII+33
Using Illumina adapter for trimming (count: 529). Second best hit was Nextera (count: 0)
Adapter sequence: 'AGATCGGAAGAGC' (Illumina TruSeq, Sanger iPCR; auto-detected)
Maximum trimming error rate: 0.1 (default)
Minimum required adapter overlap (stringency): 1 bp
Minimum required sequence length for both reads before a sequence pair gets removed: 20 bp
Running FastQC on the data once trimming has completed
Output file will be GZIP compressed


This is cutadapt 2.6 with Python 3.7.3
Command line parameters: -j 8 -e 0.1 -q 20 -O 1 -a AGATCGGAAGAGC SRX347150_2.fastq.gz
Processing reads on 8 cores in single-end mode ...
Finished in 31.76 s (7 us/read; 8.82 M reads/minute).

=== Summary ===

Total reads processed:               4,670,845
Reads with adapters:                 4,117,614 (88.2%)
Reads written (passing filters):     4,670,845 (100.0%)

Total basepairs processed: 1,145,402,171 bp
Quality-trimmed:             292,268,163 bp (25.5%)
Total written (filtered):    655,113,606 bp (57.2%)

=== Adapter 1 ===

Sequence: AGATCGGAAGAGC; Type: regular 3'; Length: 13; Trimmed: 4117614 times.

No. of allowed errors:
0-9 bp: 0; 10-13 bp: 1

Bases preceding removed adapters:
  A: 12.7%
  C: 37.4%
  G: 38.2%
  T: 11.6%
  none/other: 0.0%

Overview of removed sequences
length	count	expect	max.err	error counts
1	459683	1167711.2	0	459683
2	42433	291927.8	0	42433
3	10403	72982.0	0	10403
4	5322	18245.5	0	5322
5	4318	4561.4	0	4318
6	4437	1140.3	0	4437
7	13758	285.1	0	13758
8	10001	71.3	0	10001
9	33387	17.8	0	33372 15
10	12738	4.5	1	12326 412
11	6826	1.1	1	6508 318
12	11643	0.3	1	11158 485
13	9145	0.1	1	8756 389
14	10284	0.1	1	9827 457
15	3701	0.1	1	3438 263
16	6947	0.1	1	6478 469
17	10909	0.1	1	10148 761
18	2201	0.1	1	2028 173
19	5769	0.1	1	5297 472
20	9126	0.1	1	8416 710
21	1548	0.1	1	1445 103
22	1652	0.1	1	1540 112
23	10044	0.1	1	8707 1337
24	34324	0.1	1	31642 2682
25	13506	0.1	1	12342 1164
26	37569	0.1	1	34419 3150
27	66286	0.1	1	62146 4140
28	42946	0.1	1	41244 1702
29	14689	0.1	1	13860 829
30	75371	0.1	1	72615 2756
31	8859	0.1	1	8415 444
32	24401	0.1	1	23463 938
33	14478	0.1	1	13797 681
34	20536	0.1	1	19815 721
35	20347	0.1	1	19429 918
36	126083	0.1	1	122350 3733
37	108245	0.1	1	105847 2398
38	50747	0.1	1	49674 1073
39	45237	0.1	1	44298 939
40	43106	0.1	1	41862 1244
41	105827	0.1	1	103908 1919
42	149080	0.1	1	146598 2482
43	46921	0.1	1	46010 911
44	101889	0.1	1	100365 1524
45	46426	0.1	1	45243 1183
46	144998	0.1	1	143214 1784
47	64313	0.1	1	63269 1044
48	50046	0.1	1	49317 729
49	65618	0.1	1	64837 781
50	20030	0.1	1	19711 319
51	31428	0.1	1	31006 422
52	19525	0.1	1	19251 274
53	32351	0.1	1	31562 789
54	179360	0.1	1	177373 1987
55	12991	0.1	1	12690 301
56	35619	0.1	1	34747 872
57	178781	0.1	1	176650 2131
58	94142	0.1	1	93151 991
59	22826	0.1	1	22575 251
60	12281	0.1	1	12141 140
61	6404	0.1	1	6333 71
62	11228	0.1	1	11085 143
63	16705	0.1	1	16547 158
64	2688	0.1	1	2638 50
65	1183	0.1	1	1167 16
66	2195	0.1	1	2164 31
67	2148	0.1	1	2123 25
68	924	0.1	1	892 32
69	5283	0.1	1	5157 126
70	14309	0.1	1	14097 212
71	8070	0.1	1	7920 150
72	10809	0.1	1	10582 227
73	15700	0.1	1	15325 375
74	25343	0.1	1	24820 523
75	46541	0.1	1	45688 853
76	57093	0.1	1	56047 1046
77	93497	0.1	1	92119 1378
78	164245	0.1	1	162150 2095
79	202976	0.1	1	200313 2663
80	307720	0.1	1	304639 3081
81	188773	0.1	1	186909 1864
82	41274	0.1	1	40736 538
83	10065	0.1	1	9882 183
84	2558	0.1	1	2481 77
85	950	0.1	1	916 34
86	567	0.1	1	534 33
87	488	0.1	1	451 37
88	434	0.1	1	401 33
89	504	0.1	1	469 35
90	442	0.1	1	416 26
91	476	0.1	1	446 30
92	487	0.1	1	450 37
93	454	0.1	1	417 37
94	412	0.1	1	382 30
95	402	0.1	1	371 31
96	432	0.1	1	408 24
97	424	0.1	1	399 25
98	371	0.1	1	349 22
99	423	0.1	1	400 23
100	360	0.1	1	335 25
101	396	0.1	1	366 30
102	362	0.1	1	345 17
103	411	0.1	1	385 26
104	326	0.1	1	306 20
105	324	0.1	1	297 27
106	356	0.1	1	332 24
107	369	0.1	1	349 20
108	421	0.1	1	399 22
109	444	0.1	1	424 20
110	413	0.1	1	390 23
111	390	0.1	1	369 21
112	419	0.1	1	398 21
113	400	0.1	1	386 14
114	445	0.1	1	419 26
115	488	0.1	1	461 27
116	508	0.1	1	481 27
117	503	0.1	1	470 33
118	585	0.1	1	567 18
119	635	0.1	1	609 26
120	611	0.1	1	587 24
121	584	0.1	1	562 22
122	546	0.1	1	527 19
123	552	0.1	1	529 23
124	577	0.1	1	551 26
125	559	0.1	1	529 30
126	487	0.1	1	469 18
127	478	0.1	1	455 23
128	454	0.1	1	430 24
129	422	0.1	1	399 23
130	442	0.1	1	422 20
131	430	0.1	1	406 24
132	353	0.1	1	336 17
133	382	0.1	1	366 16
134	363	0.1	1	336 27
135	360	0.1	1	339 21
136	331	0.1	1	313 18
137	318	0.1	1	295 23
138	326	0.1	1	313 13
139	325	0.1	1	302 23
140	334	0.1	1	317 17
141	369	0.1	1	346 23
142	365	0.1	1	337 28
143	333	0.1	1	312 21
144	350	0.1	1	333 17
145	403	0.1	1	370 33
146	471	0.1	1	449 22
147	315	0.1	1	295 20
148	307	0.1	1	290 17
149	308	0.1	1	295 13
150	271	0.1	1	262 9
151	243	0.1	1	229 14
152	271	0.1	1	248 23
153	248	0.1	1	234 14
154	238	0.1	1	217 21
155	255	0.1	1	241 14
156	251	0.1	1	231 20
157	278	0.1	1	260 18
158	261	0.1	1	247 14
159	193	0.1	1	185 8
160	182	0.1	1	166 16
161	154	0.1	1	145 9
162	131	0.1	1	122 9
163	112	0.1	1	106 6
164	115	0.1	1	110 5
165	90	0.1	1	86 4
166	84	0.1	1	78 6
167	71	0.1	1	64 7
168	58	0.1	1	57 1
169	62	0.1	1	61 1
170	39	0.1	1	38 1
171	50	0.1	1	48 2
172	42	0.1	1	39 3
173	47	0.1	1	46 1
174	35	0.1	1	32 3
175	38	0.1	1	36 2
176	32	0.1	1	30 2
177	18	0.1	1	17 1
178	31	0.1	1	25 6
179	25	0.1	1	21 4
180	20	0.1	1	18 2
181	18	0.1	1	14 4
182	12	0.1	1	11 1
183	15	0.1	1	14 1
184	19	0.1	1	17 2
185	16	0.1	1	15 1
186	8	0.1	1	7 1
187	19	0.1	1	17 2
188	4	0.1	1	4
189	12	0.1	1	12
190	9	0.1	1	9
191	11	0.1	1	11
192	5	0.1	1	5
193	5	0.1	1	5
194	6	0.1	1	5 1
195	10	0.1	1	10
196	7	0.1	1	7
197	4	0.1	1	4
198	4	0.1	1	4
199	4	0.1	1	1 3
200	3	0.1	1	2 1
201	5	0.1	1	5
202	1	0.1	1	1
203	1	0.1	1	1
204	3	0.1	1	3
208	1	0.1	1	1
213	1	0.1	1	0 1
216	1	0.1	1	1
219	1	0.1	1	1

RUN STATISTICS FOR INPUT FILE: SRX347150_2.fastq.gz
=============================================
4670845 sequences processed in total

Total number of sequences analysed for the sequence pair length validation: 4670845

Number of sequence pairs removed because at least one read was shorter than the length cutoff (20 bp): 33648 (0.72%)
