
SUMMARISING RUN PARAMETERS
==========================
Input filename: SRX347145_2.fastq.gz
Trimming mode: paired-end
Trim Galore version: 0.6.4_dev
Cutadapt version: 2.6
Python version: could not detect
Number of cores used for trimming: 8
Quality Phred score cutoff: 20
Quality encoding type selected: ASCII+33
Using Illumina adapter for trimming (count: 333). Second best hit was Nextera (count: 5)
Adapter sequence: 'AGATCGGAAGAGC' (Illumina TruSeq, Sanger iPCR; auto-detected)
Maximum trimming error rate: 0.1 (default)
Minimum required adapter overlap (stringency): 1 bp
Minimum required sequence length for both reads before a sequence pair gets removed: 20 bp
Running FastQC on the data once trimming has completed
Output file will be GZIP compressed


This is cutadapt 2.6 with Python 3.7.3
Command line parameters: -j 8 -e 0.1 -q 20 -O 1 -a AGATCGGAAGAGC SRX347145_2.fastq.gz
Processing reads on 8 cores in single-end mode ...
Finished in 51.78 s (6 us/read; 9.47 M reads/minute).

=== Summary ===

Total reads processed:               8,173,488
Reads with adapters:                 6,803,260 (83.2%)
Reads written (passing filters):     8,173,488 (100.0%)

Total basepairs processed: 1,992,736,256 bp
Quality-trimmed:             828,068,685 bp (41.6%)
Total written (filtered):  1,014,312,627 bp (50.9%)

=== Adapter 1 ===

Sequence: AGATCGGAAGAGC; Type: regular 3'; Length: 13; Trimmed: 6803260 times.

No. of allowed errors:
0-9 bp: 0; 10-13 bp: 1

Bases preceding removed adapters:
  A: 47.2%
  C: 24.0%
  G: 20.9%
  T: 7.9%
  none/other: 0.0%

Overview of removed sequences
length	count	expect	max.err	error counts
1	3246283	2043372.0	0	3246283
2	135915	510843.0	0	135915
3	62845	127710.8	0	62845
4	33126	31927.7	0	33126
5	67401	7981.9	0	67401
6	70741	1995.5	0	70741
7	60575	498.9	0	60575
8	34302	124.7	0	34302
9	45339	31.2	0	45304 35
10	16602	7.8	1	16103 499
11	29223	1.9	1	28235 988
12	26019	0.5	1	25043 976
13	42093	0.1	1	40667 1426
14	21331	0.1	1	20410 921
15	10342	0.1	1	9719 623
16	24635	0.1	1	23263 1372
17	30589	0.1	1	28771 1818
18	4424	0.1	1	4076 348
19	19319	0.1	1	17757 1562
20	78209	0.1	1	73247 4962
21	58232	0.1	1	55245 2987
22	34711	0.1	1	32831 1880
23	25806	0.1	1	24252 1554
24	42958	0.1	1	40157 2801
25	11985	0.1	1	11276 709
26	10807	0.1	1	10285 522
27	10998	0.1	1	10483 515
28	9177	0.1	1	8708 469
29	10590	0.1	1	10076 514
30	29891	0.1	1	28622 1269
31	5835	0.1	1	5530 305
32	15077	0.1	1	14459 618
33	15189	0.1	1	14487 702
34	29374	0.1	1	28273 1101
35	24866	0.1	1	23845 1021
36	21824	0.1	1	20718 1106
37	66350	0.1	1	64085 2265
38	40228	0.1	1	38749 1479
39	14392	0.1	1	13921 471
40	34092	0.1	1	32878 1214
41	66371	0.1	1	64776 1595
42	63469	0.1	1	61848 1621
43	22847	0.1	1	22156 691
44	50434	0.1	1	49025 1409
45	40856	0.1	1	39651 1205
46	79893	0.1	1	78084 1809
47	95962	0.1	1	93588 2374
48	139092	0.1	1	136547 2545
49	137438	0.1	1	135300 2138
50	61991	0.1	1	60872 1119
51	99071	0.1	1	97490 1581
52	161806	0.1	1	159670 2136
53	119171	0.1	1	117649 1522
54	97080	0.1	1	95775 1305
55	37335	0.1	1	36760 575
56	44876	0.1	1	44175 701
57	64281	0.1	1	63370 911
58	73648	0.1	1	72610 1038
59	104279	0.1	1	103224 1055
60	45393	0.1	1	44835 558
61	13309	0.1	1	13109 200
62	40221	0.1	1	39714 507
63	100521	0.1	1	99634 887
64	24136	0.1	1	23875 261
65	23042	0.1	1	22862 180
66	14922	0.1	1	14723 199
67	58921	0.1	1	58464 457
68	30478	0.1	1	30256 222
69	40096	0.1	1	39687 409
70	131950	0.1	1	131125 825
71	49696	0.1	1	49349 347
72	18692	0.1	1	18560 132
73	11503	0.1	1	11419 84
74	10142	0.1	1	10071 71
75	11734	0.1	1	11655 79
76	9159	0.1	1	9082 77
77	9033	0.1	1	8972 61
78	8661	0.1	1	8603 58
79	7012	0.1	1	6954 58
80	10145	0.1	1	10079 66
81	1974	0.1	1	1952 22
82	317	0.1	1	312 5
83	108	0.1	1	105 3
84	43	0.1	1	42 1
85	12	0.1	1	11 1
86	16	0.1	1	16
87	7	0.1	1	6 1
88	11	0.1	1	11
89	3	0.1	1	3
90	5	0.1	1	5
91	6	0.1	1	6
92	10	0.1	1	9 1
93	10	0.1	1	9 1
94	10	0.1	1	8 2
95	5	0.1	1	5
96	9	0.1	1	8 1
97	8	0.1	1	6 2
98	4	0.1	1	4
99	8	0.1	1	6 2
100	5	0.1	1	5
101	8	0.1	1	7 1
102	7	0.1	1	7
103	11	0.1	1	6 5
104	5	0.1	1	3 2
105	5	0.1	1	5
106	7	0.1	1	6 1
107	8	0.1	1	7 1
108	5	0.1	1	4 1
109	4	0.1	1	2 2
110	3	0.1	1	3
111	6	0.1	1	5 1
112	6	0.1	1	5 1
113	3	0.1	1	3
114	5	0.1	1	5
115	7	0.1	1	6 1
116	8	0.1	1	6 2
117	9	0.1	1	8 1
118	7	0.1	1	6 1
119	5	0.1	1	5
120	6	0.1	1	6
121	5	0.1	1	3 2
122	5	0.1	1	4 1
123	6	0.1	1	6
124	6	0.1	1	5 1
125	4	0.1	1	3 1
126	5	0.1	1	4 1
127	9	0.1	1	7 2
128	5	0.1	1	5
129	7	0.1	1	6 1
130	2	0.1	1	1 1
131	4	0.1	1	4
132	2	0.1	1	2
133	7	0.1	1	7
134	6	0.1	1	6
135	6	0.1	1	4 2
136	5	0.1	1	4 1
137	9	0.1	1	7 2
138	7	0.1	1	7
139	5	0.1	1	5
140	5	0.1	1	5
141	5	0.1	1	5
142	5	0.1	1	5
143	3	0.1	1	3
144	4	0.1	1	4
145	7	0.1	1	6 1
146	4	0.1	1	4
147	1	0.1	1	1
148	5	0.1	1	5
149	4	0.1	1	4
150	5	0.1	1	5
151	2	0.1	1	2
152	3	0.1	1	1 2
153	6	0.1	1	5 1
154	1	0.1	1	1
156	2	0.1	1	2
157	4	0.1	1	4
158	5	0.1	1	5
160	4	0.1	1	4
161	2	0.1	1	2
163	2	0.1	1	2
164	1	0.1	1	1
165	1	0.1	1	1
166	2	0.1	1	2
168	1	0.1	1	0 1
169	1	0.1	1	1
171	1	0.1	1	1
173	2	0.1	1	2
174	1	0.1	1	0 1
177	1	0.1	1	1
183	2	0.1	1	2
187	1	0.1	1	1
189	1	0.1	1	1
190	1	0.1	1	1
193	1	0.1	1	1
196	2	0.1	1	2

RUN STATISTICS FOR INPUT FILE: SRX347145_2.fastq.gz
=============================================
8173488 sequences processed in total

Total number of sequences analysed for the sequence pair length validation: 8173488

Number of sequence pairs removed because at least one read was shorter than the length cutoff (20 bp): 61657 (0.75%)
