
SUMMARISING RUN PARAMETERS
==========================
Input filename: SRX347149_1.fastq.gz
Trimming mode: paired-end
Trim Galore version: 0.6.4_dev
Cutadapt version: 2.6
Python version: could not detect
Number of cores used for trimming: 8
Quality Phred score cutoff: 20
Quality encoding type selected: ASCII+33
Using Illumina adapter for trimming (count: 496). Second best hit was smallRNA (count: 0)
Adapter sequence: 'AGATCGGAAGAGC' (Illumina TruSeq, Sanger iPCR; auto-detected)
Maximum trimming error rate: 0.1 (default)
Minimum required adapter overlap (stringency): 1 bp
Minimum required sequence length for both reads before a sequence pair gets removed: 20 bp
Running FastQC on the data once trimming has completed
Output file will be GZIP compressed


This is cutadapt 2.6 with Python 3.7.3
Command line parameters: -j 8 -e 0.1 -q 20 -O 1 -a AGATCGGAAGAGC SRX347149_1.fastq.gz
Processing reads on 8 cores in single-end mode ...
Finished in 51.87 s (7 us/read; 8.97 M reads/minute).

=== Summary ===

Total reads processed:               7,754,236
Reads with adapters:                 1,893,299 (24.4%)
Reads written (passing filters):     7,754,236 (100.0%)

Total basepairs processed: 1,317,596,893 bp
Quality-trimmed:              49,945,219 bp (3.8%)
Total written (filtered):  1,262,809,904 bp (95.8%)

=== Adapter 1 ===

Sequence: AGATCGGAAGAGC; Type: regular 3'; Length: 13; Trimmed: 1893299 times.

No. of allowed errors:
0-9 bp: 0; 10-13 bp: 1

Bases preceding removed adapters:
  A: 35.0%
  C: 30.2%
  G: 18.0%
  T: 16.7%
  none/other: 0.0%

Overview of removed sequences
length	count	expect	max.err	error counts
1	866192	1938559.0	0	866192
2	953967	484639.8	0	953967
3	29026	121159.9	0	29026
4	10693	30290.0	0	10693
5	2776	7572.5	0	2776
6	825	1893.1	0	825
7	268	473.3	0	268
8	110	118.3	0	110
9	398	29.6	0	65 333
10	105	7.4	1	43 62
11	159	1.8	1	20 139
12	40	0.5	1	9 31
13	60	0.1	1	2 58
14	63	0.1	1	10 53
15	87	0.1	1	7 80
16	67	0.1	1	6 61
17	105	0.1	1	13 92
18	60	0.1	1	4 56
19	38	0.1	1	2 36
20	35	0.1	1	7 28
21	135	0.1	1	15 120
22	47	0.1	1	6 41
23	96	0.1	1	15 81
24	49	0.1	1	5 44
25	74	0.1	1	12 62
26	140	0.1	1	17 123
27	269	0.1	1	41 228
28	79	0.1	1	8 71
29	309	0.1	1	45 264
30	92	0.1	1	17 75
31	147	0.1	1	20 127
32	101	0.1	1	14 87
33	138	0.1	1	20 118
34	45	0.1	1	3 42
35	58	0.1	1	5 53
36	328	0.1	1	40 288
37	253	0.1	1	30 223
38	300	0.1	1	27 273
39	515	0.1	1	66 449
40	177	0.1	1	22 155
41	853	0.1	1	113 740
42	392	0.1	1	45 347
43	451	0.1	1	49 402
44	116	0.1	1	13 103
45	101	0.1	1	10 91
46	16	0.1	1	2 14
47	90	0.1	1	6 84
48	51	0.1	1	8 43
49	43	0.1	1	5 38
50	36	0.1	1	5 31
51	132	0.1	1	16 116
52	192	0.1	1	25 167
53	84	0.1	1	8 76
54	195	0.1	1	25 170
55	74	0.1	1	6 68
56	65	0.1	1	10 55
57	92	0.1	1	9 83
58	283	0.1	1	32 251
59	88	0.1	1	10 78
60	150	0.1	1	20 130
61	205	0.1	1	21 184
62	23	0.1	1	5 18
63	206	0.1	1	18 188
64	68	0.1	1	2 66
65	623	0.1	1	78 545
66	87	0.1	1	11 76
67	319	0.1	1	33 286
68	171	0.1	1	26 145
69	243	0.1	1	27 216
70	398	0.1	1	50 348
71	471	0.1	1	46 425
72	664	0.1	1	64 600
73	1083	0.1	1	117 966
74	2198	0.1	1	281 1917
75	8126	0.1	1	1020 7106
76	2149	0.1	1	261 1888
77	2791	0.1	1	315 2476
78	529	0.1	1	68 461
79	36	0.1	1	2 34
80	12	0.1	1	2 10
81	9	0.1	1	0 9
82	8	0.1	1	1 7
83	10	0.1	1	1 9
84	6	0.1	1	0 6
85	16	0.1	1	1 15
86	18	0.1	1	2 16
87	6	0.1	1	1 5
88	11	0.1	1	0 11
89	9	0.1	1	2 7
90	14	0.1	1	1 13
91	12	0.1	1	1 11
92	10	0.1	1	1 9
93	9	0.1	1	0 9
94	18	0.1	1	2 16
95	13	0.1	1	3 10
96	23	0.1	1	3 20
97	11	0.1	1	2 9
98	18	0.1	1	1 17
99	25	0.1	1	5 20
100	23	0.1	1	5 18
101	21	0.1	1	4 17
102	18	0.1	1	2 16
103	19	0.1	1	0 19
104	10	0.1	1	2 8
105	19	0.1	1	4 15
106	15	0.1	1	1 14
107	9	0.1	1	0 9
108	17	0.1	1	1 16
109	26	0.1	1	2 24
110	11	0.1	1	2 9
111	18	0.1	1	1 17
112	11	0.1	1	3 8
113	10	0.1	1	1 9
114	14	0.1	1	3 11
115	10	0.1	1	1 9
116	14	0.1	1	0 14
117	10	0.1	1	0 10
118	13	0.1	1	0 13
119	13	0.1	1	1 12
120	17	0.1	1	2 15
121	11	0.1	1	2 9
122	9	0.1	1	1 8
123	12	0.1	1	2 10
124	23	0.1	1	4 19
125	11	0.1	1	1 10
126	19	0.1	1	2 17
127	17	0.1	1	6 11
128	10	0.1	1	2 8
129	14	0.1	1	1 13
130	13	0.1	1	0 13
131	12	0.1	1	2 10
132	10	0.1	1	1 9
133	13	0.1	1	2 11
134	13	0.1	1	2 11
135	9	0.1	1	0 9
136	6	0.1	1	1 5
137	9	0.1	1	0 9
138	8	0.1	1	0 8
139	10	0.1	1	2 8
140	9	0.1	1	1 8
141	14	0.1	1	1 13
142	5	0.1	1	0 5
143	10	0.1	1	1 9
144	13	0.1	1	0 13
145	7	0.1	1	2 5
146	5	0.1	1	1 4
147	11	0.1	1	1 10
148	5	0.1	1	0 5
149	8	0.1	1	1 7
150	7	0.1	1	0 7
151	6	0.1	1	2 4
152	8	0.1	1	1 7
153	5	0.1	1	0 5
154	4	0.1	1	1 3
155	7	0.1	1	1 6
156	1	0.1	1	1
157	6	0.1	1	1 5
158	4	0.1	1	0 4
159	1	0.1	1	0 1
160	1	0.1	1	1
161	2	0.1	1	0 2
162	3	0.1	1	0 3
163	3	0.1	1	0 3
164	1	0.1	1	0 1
165	2	0.1	1	0 2
166	3	0.1	1	1 2
167	1	0.1	1	0 1
168	3	0.1	1	2 1
169	1	0.1	1	0 1
172	1	0.1	1	0 1
174	1	0.1	1	0 1
178	4	0.1	1	1 3
180	1	0.1	1	0 1
183	2	0.1	1	0 2
184	2	0.1	1	0 2
185	2	0.1	1	0 2
193	1	0.1	1	0 1
195	1	0.1	1	1
215	1	0.1	1	0 1
250	2	0.1	1	0 2

RUN STATISTICS FOR INPUT FILE: SRX347149_1.fastq.gz
=============================================
7754236 sequences processed in total

