Sample	featureCounts_mqc-generalstats-featurecounts-percent_assigned	featureCounts_mqc-generalstats-featurecounts-Assigned	Bowtie 1_mqc-generalstats-bowtie_1-reads_aligned_percentage	Bowtie 1_mqc-generalstats-bowtie_1-reads_aligned	Cutadapt_mqc-generalstats-cutadapt-percent_trimmed	FastQC_mqc-generalstats-fastqc-percent_duplicates	FastQC_mqc-generalstats-fastqc-percent_gc	FastQC_mqc-generalstats-fastqc-avg_sequence_length	FastQC_mqc-generalstats-fastqc-percent_fails	FastQC_mqc-generalstats-fastqc-total_sequences
SRX14927069	2.074190121783151	750850	90.24	32665975.0	1.0246793171523718	90.13385911856084	51.0	74.08250583271875	30.0	36199671.0
SRX14927070	1.7664976926775808	621767	91.48	32197173.0	0.8907141603479727	90.6759048940625	51.0	74.38005291535177	30.0	35197725.0
SRX14927071	2.030494274241419	667648	89.93	29570489.0	0.9728302989394616	89.6718425253025	51.0	74.19411984857665	30.0	32881058.0
SRX14927072	1.9318764360100782	587925	91.24	27766484.0	0.9126519644430233	89.97378660792664	51.0	74.3763375145283	30.0	30432847.0
SRX14927073	1.9887085548784271	562773	90.65	25652338.0	1.1290223007387528	89.35266984451478	51.0	74.20316508892813	30.0	28298415.0
SRX14927074	1.9627010424204012	455613	90.82	21081541.0	1.3488025666448	88.31623646637247	51.0	74.38833198046092	20.0	23213571.0
SRX14927075	47.85074907601239	21425538	95.24	42644444.0	0.8608204159561202	75.52123552254257	48.0	74.61938509009886	20.0	44775763.0
SRX14927076	39.44486054319098	14132634	94.91	34004859.0	0.9822345694164646	75.20369377554891	48.0	74.54632594110302	30.0	35828835.0
SRX14927077	10.833460461056854	3381700	93.89	29307134.0	1.0536223601525192	83.96569809973951	51.0	74.44469495529215	20.0	31215326.0
