Sample	cutadapt_version	r_processed	r_with_adapters	r_written	bp_processed	quality_trimmed	bp_written	percent_trimmed
SRX14927069	2.6	36572045	5618259	36572045	2719413531	20670919	2691548263	1.0246793171523718
SRX14927070	2.6	35472130	5234547	35472130	2651276139	16985258	2627660847	0.8907141603479727
SRX14927071	2.6	33194339	5003358	33194339	2472483847	17635125	2448430775	0.9728302989394616
SRX14927072	2.6	30686082	4604836	30686082	2292685253	15090234	2271761016	0.9126519644430233
SRX14927073	2.6	28655043	4278396	28655043	2131596425	18573354	2107530226	1.1290223007387528
SRX14927074	2.6	23619706	3563153	23619706	1756786915	19155637	1733091328	1.3488025666448
SRX14927075	2.6	45056876	6952462	45056876	3382256329	20477041	3353141176	0.8608204159561202
SRX14927076	2.6	36153705	5542100	36153705	2707155381	19674816	2680564765	0.9822345694164646
SRX14927077	2.6	31530445	4888753	31530445	2357279699	18647679	2332442873	1.0536223601525192
