Sample	Total	Assigned	Unassigned_rRNA	Unassigned_Unmapped	Unassigned_Read_Type	Unassigned_Singleton	Unassigned_MappingQuality	Unassigned_Chimera	Unassigned_FragmentLength	Unassigned_Duplicate	Unassigned_MultiMapping	Unassigned_Secondary	Unassigned_NonSplit	Unassigned_NoFeatures	Unassigned_Overlapping_Length	Unassigned_Ambiguity	percent_assigned
SRX14927069	36199671	750850	30105744	3533696	0	0	0	0	0	0	0	0	0	1693127	115802	452	2.074190121783151
SRX14927070	35197725	621767	30146468	3000552	0	0	0	0	0	0	0	0	0	1340815	87709	414	1.7664976926775808
SRX14927071	32881058	667648	27488191	3310569	0	0	0	0	0	0	0	0	0	1321231	93031	388	2.030494274241419
SRX14927072	30432847	587925	25927220	2666363	0	0	0	0	0	0	0	0	0	1183645	67243	451	1.9318764360100782
SRX14927073	28298415	562773	23838469	2646077	0	0	0	0	0	0	0	0	0	1186617	64045	434	1.9887085548784271
SRX14927074	23213571	455613	19504262	2132030	0	0	0	0	0	0	0	0	0	1065105	56120	441	1.9627010424204012
SRX14927075	44775763	21425538	17169883	2131319	0	0	0	0	0	0	0	0	0	2544173	1458763	46087	47.85074907601239
SRX14927076	35828835	14132634	17131440	1823976	0	0	0	0	0	0	0	0	0	1740983	969105	30697	39.44486054319098
SRX14927077	31215326	3381700	25192595	1908192	0	0	0	0	0	0	0	0	0	503229	222609	7001	10.833460461056854
