Sample	reads_processed	reads_aligned	reads_aligned_percentage	not_aligned	not_aligned_percentage
SRX14927069	36199671.0	32665975.0	90.24	3533696.0	9.76
SRX14927070	35197725.0	32197173.0	91.48	3000552.0	8.52
SRX14927071	32881058.0	29570489.0	89.93	3310569.0	10.07
SRX14927072	30432847.0	27766484.0	91.24	2666363.0	8.76
SRX14927073	28298415.0	25652338.0	90.65	2646077.0	9.35
SRX14927074	23213571.0	21081541.0	90.82	2132030.0	9.18
SRX14927075	44775763.0	42644444.0	95.24	2131319.0	4.76
SRX14927076	35828835.0	34004859.0	94.91	1823976.0	5.09
SRX14927077	31215326.0	29307134.0	93.89	1908192.0	6.11
