
SUMMARISING RUN PARAMETERS
==========================
Input filename: SRX347148_1.fastq.gz
Trimming mode: paired-end
Trim Galore version: 0.6.4_dev
Cutadapt version: 2.6
Python version: could not detect
Number of cores used for trimming: 8
Quality Phred score cutoff: 20
Quality encoding type selected: ASCII+33
Using Illumina adapter for trimming (count: 533). Second best hit was Nextera (count: 0)
Adapter sequence: 'AGATCGGAAGAGC' (Illumina TruSeq, Sanger iPCR; auto-detected)
Maximum trimming error rate: 0.1 (default)
Minimum required adapter overlap (stringency): 1 bp
Minimum required sequence length for both reads before a sequence pair gets removed: 20 bp
Running FastQC on the data once trimming has completed
Output file will be GZIP compressed


This is cutadapt 2.6 with Python 3.7.3
Command line parameters: -j 8 -e 0.1 -q 20 -O 1 -a AGATCGGAAGAGC SRX347148_1.fastq.gz
Processing reads on 8 cores in single-end mode ...
Finished in 73.85 s (6 us/read; 9.85 M reads/minute).

=== Summary ===

Total reads processed:              12,120,711
Reads with adapters:                 2,939,996 (24.3%)
Reads written (passing filters):    12,120,711 (100.0%)

Total basepairs processed: 2,036,955,036 bp
Quality-trimmed:              15,591,536 bp (0.8%)
Total written (filtered):  2,014,538,659 bp (98.9%)

=== Adapter 1 ===

Sequence: AGATCGGAAGAGC; Type: regular 3'; Length: 13; Trimmed: 2939996 times.

No. of allowed errors:
0-9 bp: 0; 10-13 bp: 1

Bases preceding removed adapters:
  A: 31.6%
  C: 28.9%
  G: 21.6%
  T: 17.9%
  none/other: 0.0%

Overview of removed sequences
length	count	expect	max.err	error counts
1	1188708	3030177.8	0	1188708
2	1655367	757544.4	0	1655367
3	42963	189386.1	0	42963
4	15922	47346.5	0	15922
5	4141	11836.6	0	4141
6	980	2959.2	0	980
7	147	739.8	0	147
8	101	184.9	0	101
9	295	46.2	0	40 255
10	76	11.6	1	21 55
11	33	2.9	1	7 26
12	34	0.7	1	9 25
13	47	0.2	1	6 41
14	66	0.2	1	11 55
15	48	0.2	1	6 42
16	105	0.2	1	11 94
17	124	0.2	1	14 110
18	45	0.2	1	1 44
19	124	0.2	1	14 110
20	42	0.2	1	8 34
21	152	0.2	1	25 127
22	80	0.2	1	25 55
23	81	0.2	1	17 64
24	158	0.2	1	29 129
25	30	0.2	1	5 25
26	168	0.2	1	27 141
27	209	0.2	1	46 163
28	81	0.2	1	16 65
29	206	0.2	1	52 154
30	48	0.2	1	9 39
31	207	0.2	1	47 160
32	120	0.2	1	18 102
33	181	0.2	1	36 145
34	595	0.2	1	147 448
35	76	0.2	1	14 62
36	221	0.2	1	44 177
37	17	0.2	1	7 10
38	17	0.2	1	2 15
39	38	0.2	1	5 33
40	192	0.2	1	46 146
41	372	0.2	1	94 278
42	403	0.2	1	84 319
43	335	0.2	1	82 253
44	133	0.2	1	31 102
45	89	0.2	1	24 65
46	56	0.2	1	12 44
47	161	0.2	1	40 121
48	98	0.2	1	22 76
49	149	0.2	1	18 131
50	116	0.2	1	19 97
51	89	0.2	1	23 66
52	227	0.2	1	57 170
53	148	0.2	1	23 125
54	336	0.2	1	83 253
55	122	0.2	1	18 104
56	119	0.2	1	23 96
57	156	0.2	1	30 126
58	233	0.2	1	50 183
59	206	0.2	1	50 156
60	171	0.2	1	44 127
61	243	0.2	1	41 202
62	110	0.2	1	21 89
63	295	0.2	1	58 237
64	162	0.2	1	37 125
65	358	0.2	1	83 275
66	321	0.2	1	72 249
67	299	0.2	1	60 239
68	286	0.2	1	47 239
69	323	0.2	1	68 255
70	392	0.2	1	88 304
71	455	0.2	1	88 367
72	603	0.2	1	122 481
73	968	0.2	1	149 819
74	1783	0.2	1	379 1404
75	9984	0.2	1	2284 7700
76	2242	0.2	1	468 1774
77	3619	0.2	1	749 2870
78	670	0.2	1	117 553
79	38	0.2	1	9 29
80	9	0.2	1	2 7
81	6	0.2	1	1 5
82	14	0.2	1	0 14
83	12	0.2	1	2 10
84	9	0.2	1	2 7
85	19	0.2	1	5 14
86	24	0.2	1	7 17
87	14	0.2	1	2 12
88	19	0.2	1	2 17
89	16	0.2	1	3 13
90	14	0.2	1	2 12
91	15	0.2	1	3 12
92	17	0.2	1	3 14
93	14	0.2	1	1 13
94	12	0.2	1	5 7
95	17	0.2	1	4 13
96	11	0.2	1	3 8
97	24	0.2	1	6 18
98	15	0.2	1	3 12
99	15	0.2	1	2 13
100	14	0.2	1	2 12
101	11	0.2	1	1 10
102	12	0.2	1	3 9
103	14	0.2	1	1 13
104	12	0.2	1	1 11
105	8	0.2	1	3 5
106	11	0.2	1	5 6
107	11	0.2	1	1 10
108	10	0.2	1	2 8
109	8	0.2	1	2 6
110	11	0.2	1	1 10
111	13	0.2	1	1 12
112	14	0.2	1	3 11
113	11	0.2	1	3 8
114	11	0.2	1	6 5
115	16	0.2	1	4 12
116	17	0.2	1	2 15
117	7	0.2	1	1 6
118	15	0.2	1	4 11
119	10	0.2	1	6 4
120	8	0.2	1	4 4
121	7	0.2	1	1 6
122	15	0.2	1	3 12
123	20	0.2	1	2 18
124	17	0.2	1	2 15
125	6	0.2	1	0 6
126	16	0.2	1	5 11
127	11	0.2	1	4 7
128	16	0.2	1	3 13
129	18	0.2	1	2 16
130	10	0.2	1	3 7
131	10	0.2	1	3 7
132	10	0.2	1	2 8
133	10	0.2	1	1 9
134	5	0.2	1	2 3
135	13	0.2	1	4 9
136	1	0.2	1	1
137	7	0.2	1	1 6
138	9	0.2	1	1 8
139	7	0.2	1	1 6
140	7	0.2	1	2 5
141	9	0.2	1	2 7
142	4	0.2	1	2 2
143	4	0.2	1	0 4
144	3	0.2	1	2 1
145	4	0.2	1	1 3
146	6	0.2	1	3 3
147	4	0.2	1	1 3
148	4	0.2	1	1 3
149	5	0.2	1	1 4
150	9	0.2	1	2 7
151	2	0.2	1	0 2
152	6	0.2	1	0 6
153	4	0.2	1	0 4
154	3	0.2	1	1 2
155	4	0.2	1	3 1
156	3	0.2	1	0 3
157	3	0.2	1	1 2
158	7	0.2	1	1 6
159	3	0.2	1	0 3
160	3	0.2	1	1 2
161	1	0.2	1	0 1
162	5	0.2	1	2 3
164	1	0.2	1	0 1
165	2	0.2	1	0 2
166	2	0.2	1	0 2
167	3	0.2	1	0 3
168	2	0.2	1	0 2
169	2	0.2	1	0 2
170	1	0.2	1	0 1
171	1	0.2	1	0 1
173	4	0.2	1	2 2
174	2	0.2	1	0 2
176	1	0.2	1	0 1
179	1	0.2	1	0 1
183	1	0.2	1	0 1
187	1	0.2	1	0 1
188	1	0.2	1	0 1
189	1	0.2	1	0 1
191	1	0.2	1	0 1
193	1	0.2	1	0 1
200	1	0.2	1	0 1
210	1	0.2	1	0 1

RUN STATISTICS FOR INPUT FILE: SRX347148_1.fastq.gz
=============================================
12120711 sequences processed in total

