
SUMMARISING RUN PARAMETERS
==========================
Input filename: SRX347149_2.fastq.gz
Trimming mode: paired-end
Trim Galore version: 0.6.4_dev
Cutadapt version: 2.6
Python version: could not detect
Number of cores used for trimming: 8
Quality Phred score cutoff: 20
Quality encoding type selected: ASCII+33
Using Illumina adapter for trimming (count: 496). Second best hit was smallRNA (count: 0)
Adapter sequence: 'AGATCGGAAGAGC' (Illumina TruSeq, Sanger iPCR; auto-detected)
Maximum trimming error rate: 0.1 (default)
Minimum required adapter overlap (stringency): 1 bp
Minimum required sequence length for both reads before a sequence pair gets removed: 20 bp
Running FastQC on the data once trimming has completed
Output file will be GZIP compressed


This is cutadapt 2.6 with Python 3.7.3
Command line parameters: -j 8 -e 0.1 -q 20 -O 1 -a AGATCGGAAGAGC SRX347149_2.fastq.gz
Processing reads on 8 cores in single-end mode ...
Finished in 43.93 s (6 us/read; 10.59 M reads/minute).

=== Summary ===

Total reads processed:               7,754,236
Reads with adapters:                 4,644,880 (59.9%)
Reads written (passing filters):     7,754,236 (100.0%)

Total basepairs processed: 1,901,732,998 bp
Quality-trimmed:             790,651,274 bp (41.6%)
Total written (filtered):  1,015,780,790 bp (53.4%)

=== Adapter 1 ===

Sequence: AGATCGGAAGAGC; Type: regular 3'; Length: 13; Trimmed: 4644880 times.

No. of allowed errors:
0-9 bp: 0; 10-13 bp: 1

Bases preceding removed adapters:
  A: 16.6%
  C: 28.7%
  G: 43.4%
  T: 11.2%
  none/other: 0.1%

Overview of removed sequences
length	count	expect	max.err	error counts
1	1045216	1938559.0	0	1045216
2	329829	484639.8	0	329829
3	70159	121159.9	0	70159
4	37981	30290.0	0	37981
5	42277	7572.5	0	42277
6	41915	1893.1	0	41915
7	122462	473.3	0	122462
8	75614	118.3	0	75614
9	56463	29.6	0	56335 128
10	41487	7.4	1	39654 1833
11	25289	1.8	1	23820 1469
12	36974	0.5	1	34537 2437
13	48146	0.1	1	44721 3425
14	48765	0.1	1	44792 3973
15	20259	0.1	1	18297 1962
16	47560	0.1	1	42922 4638
17	76001	0.1	1	69267 6734
18	18051	0.1	1	16238 1813
19	52477	0.1	1	47177 5300
20	74567	0.1	1	66688 7879
21	39454	0.1	1	35532 3922
22	44174	0.1	1	39965 4209
23	59186	0.1	1	53544 5642
24	149068	0.1	1	135434 13634
25	118430	0.1	1	109000 9430
26	156685	0.1	1	147212 9473
27	61869	0.1	1	57999 3870
28	130757	0.1	1	123601 7156
29	51676	0.1	1	48389 3287
30	261403	0.1	1	250311 11092
31	23300	0.1	1	21857 1443
32	109281	0.1	1	104721 4560
33	20082	0.1	1	18972 1110
34	49259	0.1	1	46852 2407
35	73172	0.1	1	69882 3290
36	153045	0.1	1	148315 4730
37	10917	0.1	1	10372 545
38	28271	0.1	1	27358 913
39	17515	0.1	1	16931 584
40	11973	0.1	1	11576 397
41	29539	0.1	1	28788 751
42	44612	0.1	1	43612 1000
43	61598	0.1	1	60057 1541
44	114097	0.1	1	111841 2256
45	81121	0.1	1	79196 1925
46	69283	0.1	1	68066 1217
47	73990	0.1	1	72726 1264
48	35137	0.1	1	34628 509
49	26391	0.1	1	26016 375
50	12408	0.1	1	12199 209
51	15127	0.1	1	14913 214
52	18534	0.1	1	18277 257
53	14134	0.1	1	13882 252
54	44719	0.1	1	44269 450
55	7082	0.1	1	6958 124
56	11519	0.1	1	11233 286
57	39436	0.1	1	39048 388
58	21856	0.1	1	21604 252
59	7026	0.1	1	6925 101
60	5082	0.1	1	5023 59
61	1387	0.1	1	1351 36
62	3497	0.1	1	3445 52
63	5065	0.1	1	5020 45
64	849	0.1	1	822 27
65	225	0.1	1	195 30
66	192	0.1	1	158 34
67	282	0.1	1	261 21
68	183	0.1	1	173 10
69	240	0.1	1	220 20
70	1426	0.1	1	1374 52
71	745	0.1	1	667 78
72	409	0.1	1	350 59
73	394	0.1	1	356 38
74	531	0.1	1	476 55
75	813	0.1	1	774 39
76	801	0.1	1	744 57
77	903	0.1	1	847 56
78	971	0.1	1	901 70
79	839	0.1	1	779 60
80	694	0.1	1	641 53
81	362	0.1	1	306 56
82	247	0.1	1	190 57
83	137	0.1	1	111 26
84	138	0.1	1	109 29
85	111	0.1	1	79 32
86	108	0.1	1	77 31
87	127	0.1	1	92 35
88	118	0.1	1	91 27
89	167	0.1	1	132 35
90	144	0.1	1	116 28
91	140	0.1	1	113 27
92	149	0.1	1	119 30
93	154	0.1	1	118 36
94	165	0.1	1	127 38
95	137	0.1	1	110 27
96	161	0.1	1	122 39
97	182	0.1	1	139 43
98	157	0.1	1	121 36
99	165	0.1	1	137 28
100	159	0.1	1	121 38
101	166	0.1	1	132 34
102	139	0.1	1	112 27
103	150	0.1	1	125 25
104	169	0.1	1	143 26
105	154	0.1	1	125 29
106	164	0.1	1	142 22
107	157	0.1	1	134 23
108	167	0.1	1	141 26
109	150	0.1	1	133 17
110	137	0.1	1	120 17
111	145	0.1	1	126 19
112	148	0.1	1	126 22
113	163	0.1	1	139 24
114	160	0.1	1	137 23
115	147	0.1	1	134 13
116	165	0.1	1	147 18
117	155	0.1	1	136 19
118	156	0.1	1	143 13
119	150	0.1	1	137 13
120	154	0.1	1	137 17
121	152	0.1	1	137 15
122	154	0.1	1	141 13
123	176	0.1	1	158 18
124	160	0.1	1	139 21
125	160	0.1	1	137 23
126	140	0.1	1	118 22
127	157	0.1	1	142 15
128	171	0.1	1	157 14
129	153	0.1	1	136 17
130	170	0.1	1	158 12
131	127	0.1	1	115 12
132	129	0.1	1	118 11
133	110	0.1	1	100 10
134	120	0.1	1	115 5
135	108	0.1	1	96 12
136	110	0.1	1	104 6
137	109	0.1	1	94 15
138	111	0.1	1	102 9
139	106	0.1	1	91 15
140	139	0.1	1	127 12
141	111	0.1	1	99 12
142	116	0.1	1	103 13
143	97	0.1	1	90 7
144	72	0.1	1	69 3
145	71	0.1	1	61 10
146	72	0.1	1	66 6
147	90	0.1	1	79 11
148	67	0.1	1	62 5
149	74	0.1	1	61 13
150	59	0.1	1	49 10
151	63	0.1	1	59 4
152	56	0.1	1	49 7
153	47	0.1	1	43 4
154	52	0.1	1	49 3
155	40	0.1	1	39 1
156	41	0.1	1	36 5
157	50	0.1	1	45 5
158	37	0.1	1	35 2
159	41	0.1	1	34 7
160	36	0.1	1	31 5
161	20	0.1	1	18 2
162	28	0.1	1	25 3
163	25	0.1	1	24 1
164	31	0.1	1	28 3
165	17	0.1	1	14 3
166	19	0.1	1	15 4
167	13	0.1	1	12 1
168	18	0.1	1	15 3
169	13	0.1	1	13
170	17	0.1	1	16 1
171	9	0.1	1	9
172	17	0.1	1	16 1
173	13	0.1	1	12 1
174	10	0.1	1	9 1
175	9	0.1	1	7 2
176	3	0.1	1	3
177	11	0.1	1	10 1
178	6	0.1	1	6
179	4	0.1	1	3 1
180	6	0.1	1	6
181	5	0.1	1	5
182	7	0.1	1	6 1
183	6	0.1	1	4 2
184	4	0.1	1	2 2
185	1	0.1	1	1
186	3	0.1	1	3
187	3	0.1	1	3
188	1	0.1	1	1
189	2	0.1	1	2
190	1	0.1	1	1
191	3	0.1	1	3
192	2	0.1	1	2
193	3	0.1	1	3
194	5	0.1	1	5
195	2	0.1	1	2
196	3	0.1	1	3
197	3	0.1	1	2 1
200	1	0.1	1	1
203	1	0.1	1	1
204	1	0.1	1	0 1
205	1	0.1	1	1
207	1	0.1	1	1
208	1	0.1	1	1
209	2	0.1	1	1 1
212	1	0.1	1	1
215	2	0.1	1	2
217	1	0.1	1	1
218	1	0.1	1	1

RUN STATISTICS FOR INPUT FILE: SRX347149_2.fastq.gz
=============================================
7754236 sequences processed in total

Total number of sequences analysed for the sequence pair length validation: 7754236

Number of sequence pairs removed because at least one read was shorter than the length cutoff (20 bp): 189216 (2.44%)
