
SUMMARISING RUN PARAMETERS
==========================
Input filename: SRX347148_2.fastq.gz
Trimming mode: paired-end
Trim Galore version: 0.6.4_dev
Cutadapt version: 2.6
Python version: could not detect
Number of cores used for trimming: 8
Quality Phred score cutoff: 20
Quality encoding type selected: ASCII+33
Using Illumina adapter for trimming (count: 533). Second best hit was Nextera (count: 0)
Adapter sequence: 'AGATCGGAAGAGC' (Illumina TruSeq, Sanger iPCR; auto-detected)
Maximum trimming error rate: 0.1 (default)
Minimum required adapter overlap (stringency): 1 bp
Minimum required sequence length for both reads before a sequence pair gets removed: 20 bp
Running FastQC on the data once trimming has completed
Output file will be GZIP compressed


This is cutadapt 2.6 with Python 3.7.3
Command line parameters: -j 8 -e 0.1 -q 20 -O 1 -a AGATCGGAAGAGC SRX347148_2.fastq.gz
Processing reads on 8 cores in single-end mode ...
Finished in 69.15 s (6 us/read; 10.52 M reads/minute).

=== Summary ===

Total reads processed:              12,120,711
Reads with adapters:                 9,467,322 (78.1%)
Reads written (passing filters):    12,120,711 (100.0%)

Total basepairs processed: 2,976,226,499 bp
Quality-trimmed:             677,449,843 bp (22.8%)
Total written (filtered):  1,897,357,293 bp (63.8%)

=== Adapter 1 ===

Sequence: AGATCGGAAGAGC; Type: regular 3'; Length: 13; Trimmed: 9467322 times.

No. of allowed errors:
0-9 bp: 0; 10-13 bp: 1

Bases preceding removed adapters:
  A: 9.9%
  C: 27.4%
  G: 52.8%
  T: 9.9%
  none/other: 0.0%

Overview of removed sequences
length	count	expect	max.err	error counts
1	857330	3030177.8	0	857330
2	256621	757544.4	0	256621
3	36925	189386.1	0	36925
4	13443	47346.5	0	13443
5	9616	11836.6	0	9616
6	9245	2959.2	0	9245
7	46459	739.8	0	46459
8	30219	184.9	0	30219
9	114248	46.2	0	113988 260
10	33673	11.6	1	32676 997
11	17280	2.9	1	16580 700
12	33804	0.7	1	32606 1198
13	20060	0.2	1	19276 784
14	23965	0.2	1	22988 977
15	8194	0.2	1	7700 494
16	15613	0.2	1	14639 974
17	27216	0.2	1	25185 2031
18	4799	0.2	1	4469 330
19	14867	0.2	1	13395 1472
20	25805	0.2	1	23606 2199
21	4286	0.2	1	3986 300
22	4819	0.2	1	4463 356
23	42266	0.2	1	36281 5985
24	75392	0.2	1	65177 10215
25	56373	0.2	1	50718 5655
26	235837	0.2	1	215857 19980
27	414509	0.2	1	392948 21561
28	264550	0.2	1	256773 7777
29	76989	0.2	1	73417 3572
30	515552	0.2	1	502741 12811
31	25735	0.2	1	24437 1298
32	138541	0.2	1	134731 3810
33	12987	0.2	1	12552 435
34	38363	0.2	1	37058 1305
35	72722	0.2	1	70543 2179
36	349940	0.2	1	344982 4958
37	17376	0.2	1	16936 440
38	42362	0.2	1	41666 696
39	51548	0.2	1	50633 915
40	26785	0.2	1	26164 621
41	187980	0.2	1	185731 2249
42	185996	0.2	1	183485 2511
43	277642	0.2	1	274844 2798
44	370356	0.2	1	366274 4082
45	241481	0.2	1	237597 3884
46	447950	0.2	1	445170 2780
47	179007	0.2	1	177497 1510
48	132063	0.2	1	131060 1003
49	176280	0.2	1	175361 919
50	43977	0.2	1	43659 318
51	67644	0.2	1	67245 399
52	56499	0.2	1	56122 377
53	70998	0.2	1	69673 1325
54	414040	0.2	1	411804 2236
55	26479	0.2	1	25929 550
56	68603	0.2	1	67152 1451
57	375592	0.2	1	373239 2353
58	163205	0.2	1	162451 754
59	28746	0.2	1	28530 216
60	11194	0.2	1	11109 85
61	4981	0.2	1	4923 58
62	15050	0.2	1	14966 84
63	15674	0.2	1	15548 126
64	2210	0.2	1	2177 33
65	691	0.2	1	668 23
66	2257	0.2	1	2215 42
67	2585	0.2	1	2546 39
68	1092	0.2	1	1052 40
69	16163	0.2	1	15738 425
70	35772	0.2	1	35003 769
71	15078	0.2	1	14684 394
72	21124	0.2	1	20562 562
73	29202	0.2	1	28209 993
74	46558	0.2	1	44896 1662
75	80267	0.2	1	77724 2543
76	84748	0.2	1	82040 2708
77	124798	0.2	1	121938 2860
78	192040	0.2	1	188824 3216
79	281367	0.2	1	277503 3864
80	446919	0.2	1	442753 4166
81	273836	0.2	1	270885 2951
82	101562	0.2	1	100017 1545
83	20847	0.2	1	20264 583
84	4573	0.2	1	4321 252
85	1800	0.2	1	1688 112
86	1076	0.2	1	989 87
87	993	0.2	1	919 74
88	995	0.2	1	929 66
89	1034	0.2	1	969 65
90	1002	0.2	1	944 58
91	915	0.2	1	849 66
92	850	0.2	1	804 46
93	926	0.2	1	875 51
94	878	0.2	1	834 44
95	888	0.2	1	838 50
96	836	0.2	1	785 51
97	843	0.2	1	797 46
98	816	0.2	1	767 49
99	792	0.2	1	750 42
100	767	0.2	1	729 38
101	793	0.2	1	750 43
102	737	0.2	1	686 51
103	682	0.2	1	637 45
104	671	0.2	1	631 40
105	677	0.2	1	638 39
106	713	0.2	1	678 35
107	718	0.2	1	684 34
108	728	0.2	1	671 57
109	714	0.2	1	682 32
110	708	0.2	1	676 32
111	747	0.2	1	721 26
112	758	0.2	1	733 25
113	820	0.2	1	786 34
114	776	0.2	1	741 35
115	841	0.2	1	800 41
116	841	0.2	1	806 35
117	947	0.2	1	911 36
118	977	0.2	1	937 40
119	1072	0.2	1	1038 34
120	1077	0.2	1	1039 38
121	1118	0.2	1	1068 50
122	1142	0.2	1	1094 48
123	1148	0.2	1	1101 47
124	987	0.2	1	943 44
125	991	0.2	1	927 64
126	922	0.2	1	858 64
127	979	0.2	1	910 69
128	1012	0.2	1	945 67
129	941	0.2	1	895 46
130	773	0.2	1	741 32
131	713	0.2	1	686 27
132	670	0.2	1	648 22
133	663	0.2	1	629 34
134	582	0.2	1	546 36
135	553	0.2	1	528 25
136	508	0.2	1	485 23
137	520	0.2	1	501 19
138	544	0.2	1	524 20
139	572	0.2	1	543 29
140	545	0.2	1	517 28
141	511	0.2	1	486 25
142	473	0.2	1	445 28
143	447	0.2	1	428 19
144	432	0.2	1	413 19
145	398	0.2	1	380 18
146	441	0.2	1	421 20
147	372	0.2	1	345 27
148	371	0.2	1	347 24
149	363	0.2	1	347 16
150	281	0.2	1	267 14
151	288	0.2	1	274 14
152	295	0.2	1	280 15
153	280	0.2	1	272 8
154	308	0.2	1	296 12
155	223	0.2	1	218 5
156	243	0.2	1	233 10
157	252	0.2	1	234 18
158	215	0.2	1	205 10
159	198	0.2	1	192 6
160	203	0.2	1	189 14
161	181	0.2	1	173 8
162	178	0.2	1	167 11
163	151	0.2	1	139 12
164	120	0.2	1	114 6
165	108	0.2	1	103 5
166	101	0.2	1	97 4
167	80	0.2	1	76 4
168	79	0.2	1	76 3
169	84	0.2	1	84
170	65	0.2	1	64 1
171	75	0.2	1	73 2
172	70	0.2	1	68 2
173	66	0.2	1	59 7
174	56	0.2	1	54 2
175	53	0.2	1	52 1
176	36	0.2	1	32 4
177	29	0.2	1	28 1
178	31	0.2	1	30 1
179	41	0.2	1	37 4
180	27	0.2	1	26 1
181	32	0.2	1	28 4
182	22	0.2	1	21 1
183	28	0.2	1	27 1
184	35	0.2	1	33 2
185	27	0.2	1	27
186	27	0.2	1	25 2
187	16	0.2	1	14 2
188	17	0.2	1	16 1
189	21	0.2	1	19 2
190	12	0.2	1	12
191	11	0.2	1	10 1
192	9	0.2	1	9
193	9	0.2	1	9
194	13	0.2	1	12 1
195	10	0.2	1	10
196	8	0.2	1	8
197	6	0.2	1	6
198	10	0.2	1	10
199	4	0.2	1	3 1
200	7	0.2	1	7
201	8	0.2	1	7 1
202	4	0.2	1	4
203	4	0.2	1	4
204	3	0.2	1	3
205	4	0.2	1	4
206	2	0.2	1	2
207	1	0.2	1	1
208	1	0.2	1	1
209	3	0.2	1	3
210	1	0.2	1	1
211	4	0.2	1	3 1
212	1	0.2	1	1
213	1	0.2	1	1
214	1	0.2	1	1
215	1	0.2	1	1
217	1	0.2	1	1
218	1	0.2	1	1
232	1	0.2	1	1

RUN STATISTICS FOR INPUT FILE: SRX347148_2.fastq.gz
=============================================
12120711 sequences processed in total

Total number of sequences analysed for the sequence pair length validation: 12120711

Number of sequence pairs removed because at least one read was shorter than the length cutoff (20 bp): 82341 (0.68%)
