
SUMMARISING RUN PARAMETERS
==========================
Input filename: SRX347146_2.fastq.gz
Trimming mode: paired-end
Trim Galore version: 0.6.4_dev
Cutadapt version: 2.6
Python version: could not detect
Number of cores used for trimming: 8
Quality Phred score cutoff: 20
Quality encoding type selected: ASCII+33
Using Illumina adapter for trimming (count: 363). Second best hit was Nextera (count: 1)
Adapter sequence: 'AGATCGGAAGAGC' (Illumina TruSeq, Sanger iPCR; auto-detected)
Maximum trimming error rate: 0.1 (default)
Minimum required adapter overlap (stringency): 1 bp
Minimum required sequence length for both reads before a sequence pair gets removed: 20 bp
Running FastQC on the data once trimming has completed
Output file will be GZIP compressed


This is cutadapt 2.6 with Python 3.7.3
Command line parameters: -j 8 -e 0.1 -q 20 -O 1 -a AGATCGGAAGAGC SRX347146_2.fastq.gz
Processing reads on 8 cores in single-end mode ...
Finished in 33.28 s (5 us/read; 11.38 M reads/minute).

=== Summary ===

Total reads processed:               6,310,727
Reads with adapters:                 4,550,495 (72.1%)
Reads written (passing filters):     6,310,727 (100.0%)

Total basepairs processed: 1,543,187,342 bp
Quality-trimmed:             761,351,166 bp (49.3%)
Total written (filtered):    716,798,738 bp (46.4%)

=== Adapter 1 ===

Sequence: AGATCGGAAGAGC; Type: regular 3'; Length: 13; Trimmed: 4550495 times.

No. of allowed errors:
0-9 bp: 0; 10-13 bp: 1

Bases preceding removed adapters:
  A: 53.9%
  C: 20.2%
  G: 18.8%
  T: 7.0%
  none/other: 0.1%

Overview of removed sequences
length	count	expect	max.err	error counts
1	2550240	1577681.8	0	2550240
2	134139	394420.4	0	134139
3	58057	98605.1	0	58057
4	23108	24651.3	0	23108
5	21452	6162.8	0	21452
6	24437	1540.7	0	24437
7	51783	385.2	0	51783
8	35760	96.3	0	35760
9	44548	24.1	0	44519 29
10	22829	6.0	1	21657 1172
11	18157	1.5	1	17020 1137
12	24565	0.4	1	23055 1510
13	28296	0.1	1	26388 1908
14	27687	0.1	1	25591 2096
15	10966	0.1	1	9945 1021
16	20876	0.1	1	18870 2006
17	34222	0.1	1	30984 3238
18	8129	0.1	1	7181 948
19	25600	0.1	1	22904 2696
20	36507	0.1	1	32277 4230
21	13972	0.1	1	12517 1455
22	15635	0.1	1	14065 1570
23	20220	0.1	1	18096 2124
24	93027	0.1	1	84088 8939
25	29374	0.1	1	26806 2568
26	25955	0.1	1	24105 1850
27	21606	0.1	1	20286 1320
28	25018	0.1	1	23346 1672
29	16542	0.1	1	15500 1042
30	58991	0.1	1	55605 3386
31	10251	0.1	1	9611 640
32	29661	0.1	1	27873 1788
33	17690	0.1	1	16450 1240
34	27085	0.1	1	25634 1451
35	23299	0.1	1	21978 1321
36	56039	0.1	1	53170 2869
37	82176	0.1	1	78525 3651
38	31046	0.1	1	29392 1654
39	16879	0.1	1	16176 703
40	26243	0.1	1	25054 1189
41	37822	0.1	1	36630 1192
42	58440	0.1	1	56543 1897
43	21909	0.1	1	21065 844
44	50458	0.1	1	48780 1678
45	27245	0.1	1	26098 1147
46	49399	0.1	1	48018 1381
47	51609	0.1	1	49918 1691
48	32786	0.1	1	31955 831
49	29082	0.1	1	28384 698
50	16961	0.1	1	16471 490
51	18245	0.1	1	17730 515
52	17318	0.1	1	16812 506
53	19325	0.1	1	18807 518
54	54047	0.1	1	52969 1078
55	10210	0.1	1	9926 284
56	16715	0.1	1	16325 390
57	49040	0.1	1	48187 853
58	32940	0.1	1	32369 571
59	16268	0.1	1	15972 296
60	12378	0.1	1	12164 214
61	4844	0.1	1	4739 105
62	9568	0.1	1	9423 145
63	17702	0.1	1	17511 191
64	3494	0.1	1	3429 65
65	1291	0.1	1	1255 36
66	1032	0.1	1	1007 25
67	1816	0.1	1	1789 27
68	1033	0.1	1	1007 26
69	1347	0.1	1	1318 29
70	7012	0.1	1	6922 90
71	3779	0.1	1	3716 63
72	2617	0.1	1	2574 43
73	2599	0.1	1	2571 28
74	2939	0.1	1	2898 41
75	3833	0.1	1	3786 47
76	3373	0.1	1	3324 49
77	3576	0.1	1	3537 39
78	3365	0.1	1	3328 37
79	2224	0.1	1	2173 51
80	1475	0.1	1	1444 31
81	547	0.1	1	530 17
82	175	0.1	1	154 21
83	93	0.1	1	81 12
84	61	0.1	1	40 21
85	39	0.1	1	27 12
86	55	0.1	1	38 17
87	64	0.1	1	39 25
88	60	0.1	1	43 17
89	53	0.1	1	42 11
90	58	0.1	1	41 17
91	53	0.1	1	40 13
92	52	0.1	1	39 13
93	67	0.1	1	49 18
94	59	0.1	1	42 17
95	61	0.1	1	49 12
96	67	0.1	1	50 17
97	65	0.1	1	53 12
98	58	0.1	1	41 17
99	71	0.1	1	57 14
100	68	0.1	1	58 10
101	67	0.1	1	50 17
102	60	0.1	1	43 17
103	61	0.1	1	46 15
104	57	0.1	1	42 15
105	50	0.1	1	42 8
106	66	0.1	1	51 15
107	65	0.1	1	51 14
108	86	0.1	1	72 14
109	56	0.1	1	46 10
110	79	0.1	1	63 16
111	74	0.1	1	62 12
112	83	0.1	1	67 16
113	79	0.1	1	67 12
114	80	0.1	1	64 16
115	97	0.1	1	82 15
116	88	0.1	1	76 12
117	97	0.1	1	75 22
118	75	0.1	1	60 15
119	85	0.1	1	70 15
120	80	0.1	1	69 11
121	101	0.1	1	84 17
122	74	0.1	1	62 12
123	85	0.1	1	77 8
124	88	0.1	1	76 12
125	93	0.1	1	76 17
126	100	0.1	1	80 20
127	93	0.1	1	75 18
128	91	0.1	1	78 13
129	94	0.1	1	84 10
130	94	0.1	1	79 15
131	103	0.1	1	92 11
132	94	0.1	1	82 12
133	80	0.1	1	72 8
134	64	0.1	1	53 11
135	95	0.1	1	85 10
136	78	0.1	1	70 8
137	85	0.1	1	76 9
138	93	0.1	1	81 12
139	97	0.1	1	80 17
140	100	0.1	1	79 21
141	79	0.1	1	64 15
142	96	0.1	1	86 10
143	91	0.1	1	76 15
144	76	0.1	1	59 17
145	111	0.1	1	98 13
146	93	0.1	1	73 20
147	55	0.1	1	50 5
148	83	0.1	1	69 14
149	92	0.1	1	79 13
150	70	0.1	1	63 7
151	76	0.1	1	68 8
152	68	0.1	1	63 5
153	70	0.1	1	60 10
154	66	0.1	1	56 10
155	76	0.1	1	68 8
156	74	0.1	1	61 13
157	73	0.1	1	67 6
158	58	0.1	1	49 9
159	57	0.1	1	52 5
160	56	0.1	1	51 5
161	60	0.1	1	55 5
162	36	0.1	1	34 2
163	42	0.1	1	33 9
164	48	0.1	1	43 5
165	38	0.1	1	33 5
166	25	0.1	1	23 2
167	29	0.1	1	27 2
168	26	0.1	1	22 4
169	35	0.1	1	33 2
170	30	0.1	1	22 8
171	21	0.1	1	20 1
172	27	0.1	1	24 3
173	26	0.1	1	22 4
174	20	0.1	1	16 4
175	23	0.1	1	21 2
176	17	0.1	1	16 1
177	12	0.1	1	5 7
178	17	0.1	1	16 1
179	7	0.1	1	7
180	8	0.1	1	7 1
181	9	0.1	1	7 2
182	12	0.1	1	12
183	12	0.1	1	11 1
184	10	0.1	1	9 1
185	3	0.1	1	3
186	7	0.1	1	7
187	11	0.1	1	10 1
188	9	0.1	1	9
189	1	0.1	1	1
190	4	0.1	1	3 1
191	5	0.1	1	3 2
192	6	0.1	1	5 1
193	6	0.1	1	6
194	5	0.1	1	4 1
195	2	0.1	1	2
196	4	0.1	1	4
197	6	0.1	1	6
198	3	0.1	1	2 1
200	2	0.1	1	2
201	3	0.1	1	2 1
203	1	0.1	1	1
204	2	0.1	1	2
205	1	0.1	1	1
206	2	0.1	1	2
207	4	0.1	1	2 2
215	1	0.1	1	1
220	1	0.1	1	0 1

RUN STATISTICS FOR INPUT FILE: SRX347146_2.fastq.gz
=============================================
6310727 sequences processed in total

Total number of sequences analysed for the sequence pair length validation: 6310727

Number of sequence pairs removed because at least one read was shorter than the length cutoff (20 bp): 175722 (2.78%)
