
SUMMARISING RUN PARAMETERS
==========================
Input filename: SRX347145_1.fastq.gz
Trimming mode: paired-end
Trim Galore version: 0.6.4_dev
Cutadapt version: 2.6
Python version: could not detect
Number of cores used for trimming: 8
Quality Phred score cutoff: 20
Quality encoding type selected: ASCII+33
Using Illumina adapter for trimming (count: 333). Second best hit was Nextera (count: 5)
Adapter sequence: 'AGATCGGAAGAGC' (Illumina TruSeq, Sanger iPCR; auto-detected)
Maximum trimming error rate: 0.1 (default)
Minimum required adapter overlap (stringency): 1 bp
Minimum required sequence length for both reads before a sequence pair gets removed: 20 bp
Running FastQC on the data once trimming has completed
Output file will be GZIP compressed


This is cutadapt 2.6 with Python 3.7.3
Command line parameters: -j 8 -e 0.1 -q 20 -O 1 -a AGATCGGAAGAGC SRX347145_1.fastq.gz
Processing reads on 8 cores in single-end mode ...
Finished in 44.01 s (5 us/read; 11.14 M reads/minute).

=== Summary ===

Total reads processed:               8,173,488
Reads with adapters:                 1,613,640 (19.7%)
Reads written (passing filters):     8,173,488 (100.0%)

Total basepairs processed: 1,426,145,914 bp
Quality-trimmed:             223,657,743 bp (15.7%)
Total written (filtered):  1,199,319,594 bp (84.1%)

=== Adapter 1 ===

Sequence: AGATCGGAAGAGC; Type: regular 3'; Length: 13; Trimmed: 1613640 times.

No. of allowed errors:
0-9 bp: 0; 10-13 bp: 1

Bases preceding removed adapters:
  A: 68.3%
  C: 11.4%
  G: 10.5%
  T: 9.8%
  none/other: 0.0%

Overview of removed sequences
length	count	expect	max.err	error counts
1	1049961	2043372.0	0	1049961
2	528815	510843.0	0	528815
3	11912	127710.8	0	11912
4	6893	31927.7	0	6893
5	1018	7981.9	0	1018
6	290	1995.5	0	290
7	169	498.9	0	169
8	89	124.7	0	89
9	278	31.2	0	105 173
10	103	7.8	1	40 63
11	64	1.9	1	23 41
12	81	0.5	1	19 62
13	45	0.1	1	7 38
14	64	0.1	1	23 41
15	45	0.1	1	22 23
16	39	0.1	1	14 25
17	56	0.1	1	22 34
18	36	0.1	1	16 20
19	25	0.1	1	12 13
20	24	0.1	1	9 15
21	31	0.1	1	5 26
22	31	0.1	1	16 15
23	22	0.1	1	5 17
24	32	0.1	1	10 22
25	11	0.1	1	5 6
26	43	0.1	1	9 34
27	79	0.1	1	22 57
28	45	0.1	1	7 38
29	75	0.1	1	8 67
30	37	0.1	1	12 25
31	109	0.1	1	24 85
32	31	0.1	1	6 25
33	84	0.1	1	13 71
34	202	0.1	1	40 162
35	39	0.1	1	10 29
36	94	0.1	1	13 81
37	14	0.1	1	1 13
38	7	0.1	1	0 7
39	19	0.1	1	6 13
40	56	0.1	1	12 44
41	130	0.1	1	27 103
42	238	0.1	1	56 182
43	109	0.1	1	21 88
44	78	0.1	1	12 66
45	38	0.1	1	5 33
46	9	0.1	1	2 7
47	32	0.1	1	8 24
48	21	0.1	1	3 18
49	21	0.1	1	3 18
50	16	0.1	1	2 14
51	18	0.1	1	2 16
52	32	0.1	1	5 27
53	48	0.1	1	8 40
54	91	0.1	1	14 77
55	36	0.1	1	6 30
56	34	0.1	1	7 27
57	27	0.1	1	3 24
58	44	0.1	1	8 36
59	24	0.1	1	4 20
60	32	0.1	1	8 24
61	24	0.1	1	4 20
62	19	0.1	1	1 18
63	52	0.1	1	10 42
64	44	0.1	1	9 35
65	93	0.1	1	18 75
66	56	0.1	1	12 44
67	100	0.1	1	20 80
68	94	0.1	1	13 81
69	123	0.1	1	18 105
70	131	0.1	1	16 115
71	150	0.1	1	22 128
72	203	0.1	1	20 183
73	445	0.1	1	64 381
74	813	0.1	1	125 688
75	4494	0.1	1	871 3623
76	1670	0.1	1	298 1372
77	1820	0.1	1	290 1530
78	485	0.1	1	83 402
79	24	0.1	1	7 17
80	6	0.1	1	0 6
81	6	0.1	1	0 6
82	5	0.1	1	3 2
83	2	0.1	1	1 1
84	3	0.1	1	0 3
85	7	0.1	1	0 7
86	6	0.1	1	0 6
87	4	0.1	1	0 4
88	4	0.1	1	0 4
89	5	0.1	1	1 4
90	5	0.1	1	1 4
91	10	0.1	1	2 8
92	10	0.1	1	2 8
93	6	0.1	1	1 5
94	8	0.1	1	3 5
95	5	0.1	1	2 3
96	7	0.1	1	1 6
97	9	0.1	1	2 7
98	5	0.1	1	0 5
99	9	0.1	1	0 9
100	11	0.1	1	2 9
101	4	0.1	1	1 3
102	7	0.1	1	2 5
103	7	0.1	1	0 7
104	6	0.1	1	0 6
105	10	0.1	1	1 9
106	7	0.1	1	2 5
107	9	0.1	1	1 8
108	8	0.1	1	1 7
109	7	0.1	1	1 6
110	14	0.1	1	2 12
111	4	0.1	1	1 3
112	8	0.1	1	2 6
113	10	0.1	1	4 6
114	8	0.1	1	1 7
115	3	0.1	1	0 3
116	9	0.1	1	4 5
117	11	0.1	1	0 11
118	3	0.1	1	1 2
119	5	0.1	1	0 5
120	13	0.1	1	2 11
121	14	0.1	1	0 14
122	4	0.1	1	0 4
123	5	0.1	1	1 4
124	7	0.1	1	1 6
125	5	0.1	1	2 3
126	7	0.1	1	1 6
127	9	0.1	1	2 7
128	10	0.1	1	3 7
129	9	0.1	1	0 9
130	5	0.1	1	2 3
131	10	0.1	1	2 8
132	6	0.1	1	1 5
133	12	0.1	1	0 12
134	8	0.1	1	1 7
135	10	0.1	1	2 8
136	4	0.1	1	1 3
137	11	0.1	1	1 10
138	8	0.1	1	0 8
139	3	0.1	1	0 3
140	9	0.1	1	2 7
141	11	0.1	1	2 9
142	4	0.1	1	0 4
143	8	0.1	1	0 8
144	4	0.1	1	0 4
145	13	0.1	1	0 13
146	10	0.1	1	1 9
147	12	0.1	1	1 11
148	6	0.1	1	0 6
149	7	0.1	1	1 6
150	6	0.1	1	1 5
151	7	0.1	1	0 7
152	7	0.1	1	2 5
153	11	0.1	1	4 7
154	5	0.1	1	1 4
155	7	0.1	1	1 6
156	2	0.1	1	0 2
157	7	0.1	1	0 7
158	6	0.1	1	3 3
159	3	0.1	1	1 2
160	8	0.1	1	3 5
161	3	0.1	1	0 3
162	2	0.1	1	0 2
163	4	0.1	1	0 4
164	2	0.1	1	0 2
165	6	0.1	1	3 3
166	3	0.1	1	0 3
167	3	0.1	1	1 2
168	4	0.1	1	1 3
169	3	0.1	1	0 3
170	3	0.1	1	1 2
171	2	0.1	1	1 1
173	1	0.1	1	0 1
174	4	0.1	1	1 3
175	1	0.1	1	1
176	1	0.1	1	0 1
177	4	0.1	1	1 3
178	1	0.1	1	1
179	2	0.1	1	0 2
180	2	0.1	1	0 2
181	1	0.1	1	0 1
182	2	0.1	1	0 2
183	2	0.1	1	0 2
185	2	0.1	1	1 1
187	2	0.1	1	0 2
190	1	0.1	1	0 1
192	1	0.1	1	0 1
195	1	0.1	1	0 1
197	1	0.1	1	0 1
200	1	0.1	1	1
209	1	0.1	1	0 1
249	1	0.1	1	0 1
250	1	0.1	1	0 1

RUN STATISTICS FOR INPUT FILE: SRX347145_1.fastq.gz
=============================================
8173488 sequences processed in total

