Sample	cutadapt_version	r_processed	r_with_adapters	r_written	bp_processed	quality_trimmed	bp_written	percent_trimmed
SRX030112	2.6	15512068	4894480	15512068	775603400	278164074	490502714	36.758565782460465
SRX030114	2.6	34204786	7909454	34204786	1710239300	703475076	995322427	41.80215441195861
SRX030115	2.6	16842005	5413289	16842005	842100250	293910098	541148579	35.738223685362875
SRX030116	2.6	138883708	43270354	138883708	6944185400	2327462282	4559336160	34.343110136431555
SRX030117	2.6	26488336	7937826	26488336	1324416800	565170453	747660923	43.54791308899132
SRX030118	2.6	39063718	8821748	39063718	1953185900	817517828	1123567599	42.47513260258535
SRX030119	2.6	26691541	7735196	26691541	1334577050	553009747	771109742	42.2206651912679
SRX030120	2.6	20220020	6373258	20220020	1011001000	407136110	594351943	41.21153757513593
SRX040435	2.6	34338802	5540774	34338802	1716940100	1118029582	591492041	65.5496402582711
