Sample	featureCounts_mqc-generalstats-featurecounts-percent_assigned	featureCounts_mqc-generalstats-featurecounts-Assigned	Bowtie 1_mqc-generalstats-bowtie_1-reads_aligned_percentage	Bowtie 1_mqc-generalstats-bowtie_1-reads_aligned	Cutadapt_mqc-generalstats-cutadapt-percent_trimmed	FastQC_mqc-generalstats-fastqc-percent_duplicates	FastQC_mqc-generalstats-fastqc-percent_gc	FastQC_mqc-generalstats-fastqc-avg_sequence_length	FastQC_mqc-generalstats-fastqc-percent_fails	FastQC_mqc-generalstats-fastqc-total_sequences
SRX030112	0.24191472090753893	26065	0.51	54567.0	36.758565782460465	57.30564312708661	52.0	43.8294083099122	50.0	10774458.0
SRX030114	0.3902205644435068	85951	1.08	237597.0	41.80215441195861	77.34196067351847	53.0	44.23175839966665	60.0	22026261.0
SRX030115	0.11205011296890517	13171	0.28	32640.0	35.738223685362875	60.65046629094953	51.0	44.454207141023204	50.0	11754562.0
SRX030116	0.10939698847986173	105115	0.41	391043.0	34.343110136431555	70.35210617503496	51.0	45.14143227534933	40.0	96085826.0
SRX030117	0.3551368446764709	56644	0.59	93876.0	43.54791308899132	59.87766001197091	53.0	44.912587583577285	50.0	15949908.0
SRX030118	0.743223300707665	184226	1.78	440075.0	42.47513260258535	59.04604171688742	52.0	43.60923816404407	50.0	24787436.0
SRX030119	0.2001845512753911	33101	0.35	57137.0	42.2206651912679	56.69701556947247	52.0	44.86395028267503	40.0	16535242.0
SRX030120	0.19794303228487367	25156	0.45	57378.0	41.21153757513593	57.09631139450775	52.0	44.868451526972805	40.0	12708707.0
SRX040435	0.10477565745307248	13302	0.42	53023.0	65.5496402582711	38.39842565032369	50.0	44.38306199336673	40.0	12695697.0
