Sample	reads_processed	reads_aligned	reads_aligned_percentage	not_aligned	not_aligned_percentage
SRX030112	10774458.0	54567.0	0.51	10719891.0	99.49
SRX030114	22026261.0	237597.0	1.08	21788664.0	98.92
SRX030115	11754562.0	32640.0	0.28	11721922.0	99.72
SRX030116	96085826.0	391043.0	0.41	95694783.0	99.59
SRX030117	15949908.0	93876.0	0.59	15856032.0	99.41
SRX030118	24787436.0	440075.0	1.78	24347361.0	98.22
SRX030119	16535242.0	57137.0	0.35	16478105.0	99.65
SRX030120	12708707.0	57378.0	0.45	12651329.0	99.55
SRX040435	12695697.0	53023.0	0.42	12642674.0	99.58
