Sample	Total	Assigned	Unassigned_rRNA	Unassigned_Unmapped	Unassigned_Read_Type	Unassigned_Singleton	Unassigned_MappingQuality	Unassigned_Chimera	Unassigned_FragmentLength	Unassigned_Duplicate	Unassigned_MultiMapping	Unassigned_Secondary	Unassigned_NonSplit	Unassigned_NoFeatures	Unassigned_Overlapping_Length	Unassigned_Ambiguity	percent_assigned
SRX030112	10774458	26065	11	10719891	0	0	0	0	0	0	0	0	0	28446	43	2	0.24191472090753893
SRX030114	22026261	85951	55	21788664	0	0	0	0	0	0	0	0	0	151009	580	2	0.3902205644435068
SRX030115	11754562	13171	8	11721922	0	0	0	0	0	0	0	0	0	19426	34	1	0.11205011296890517
SRX030116	96085826	105115	92	95694783	0	0	0	0	0	0	0	0	0	285386	436	14	0.10939698847986173
SRX030117	15949908	56644	14	15856032	0	0	0	0	0	0	0	0	0	37170	46	2	0.3551368446764709
SRX030118	24787436	184226	118	24347361	0	0	0	0	0	0	0	0	0	254052	1666	13	0.743223300707665
SRX030119	16535242	33101	10	16478105	0	0	0	0	0	0	0	0	0	23944	79	3	0.2001845512753911
SRX030120	12708707	25156	9	12651329	0	0	0	0	0	0	0	0	0	32179	33	1	0.19794303228487367
SRX040435	12695697	13302	6	12642674	0	0	0	0	0	0	0	0	0	39667	46	2	0.10477565745307248
